11.3745573149 6.64823440517
10.0910320133 5.76405064689
9.47874939076 5.40517093343
9.47874939076 5.40517093343
7.03667965248 4.12684529978
6.7528018455 3.48555482513
5.36602656189 3.48555482513
5.36602656189 3.03842887848
4.81118505112 2.58178785109
4.6431299774 2.39484902572
4.43476714235 2.37436928625
4.34651448317 2.19897068392
4.31079532785 2.19897068392
4.31079532785 2.19897068392
4.26412926158 2.1856225468
4.24896690599 2.1856225468
4.23336104921 2.18475242247
4.23336104921 2.17588303267
4.22520891802 2.16783588424
4.22520891802 2.15946941533
4.22448227977 2.15512024666
4.22448227977 2.15098012904
4.22219417338 2.14782026752
4.22150022066 2.14680878815
4.2193682919 2.14555568835
4.217060907 2.14555568835
4.21686598655 2.14415620278
4.21682091099 2.14415620278
4.21619604993 2.14368452566
4.21535608905 2.14238143145
4.21521266776 2.14238143145
4.21505537411 2.14238143145
4.21504791004 2.14201817494
4.21467999856 2.14184938125
4.21467966468 2.14182109845
4.21463000738 2.14172817161
4.21463000738 2.14155727241
4.21463000738 2.14147720359
4.21462498781 2.14143399943
4.21459797336 2.14134819177
4.21459114884 2.14134354294
4.21459114884 2.14126261026
4.21458948997 2.1412558942
4.21458321284 2.14123696191
4.21457830368 2.14120379602
4.21457371838 2.14115530129
4.21456541895 2.14115530129
4.2145653658 2.14114044132
4.21456453798 2.14114044132
4.21456374305 2.14114044132
