66.1132044969 10.8697248702
57.023543071 6.09034306806
57.023543071 6.09034306806
55.0810219525 5.81573177744
54.2694789597 5.47140584746
53.0588172125 4.59892713167
41.1408788192 4.59892713167
41.1408788192 3.56228126392
36.9278545902 2.89804967028
36.4123434425 2.79018514138
33.7647709868 2.65264315376
33.7647709868 2.65264315376
28.6924645048 2.53544727486
26.2297592973 2.53544727486
25.9161842727 2.4144064447
25.9161842727 2.4144064447
25.6440925714 2.4144064447
23.4972609382 2.40347427172
21.8740164077 2.39022867377
21.5294272521 2.35052836008
20.3774094098 2.35052836008
20.1612482036 2.34474369054
20.1612482036 2.34281647149
19.1085818353 2.34281647149
18.4978224792 2.32740801523
17.6236719052 2.31678836254
17.6236719052 2.31678836254
17.6236719052 2.31678836254
17.591879097 2.31542646614
17.2385712371 2.31519476161
16.4425864781 2.31519476161
16.4425864781 2.30980400922
16.4425864781 2.30980400922
16.4380681694 2.30980400922
15.5809101843 2.30468266216
15.5809101843 2.30468266216
15.1047735095 2.30468266216
14.0189874053 2.30457685908
14.0189874053 2.30294584057
13.1666212551 2.30294584057
