70.9215793246 5.65471877883
67.4967001313 5.65471877883
67.4967001313 4.36100559622
63.7150181403 3.71825524582
57.7245043653 3.5404401088
53.3021939413 3.05850679481
47.629779936 3.0474138406
39.6715963737 2.9458779581
37.9224249978 2.88445305723
37.9224249978 2.63530932234
30.2540589076 2.62321093836
26.987891212 2.55108672288
26.987891212 2.52910250012
25.6629857715 2.49323099563
24.850985052 2.4611897996
22.5390370098 2.3999030428
22.5390370098 2.39308222681
21.4720490995 2.39225477177
21.2822172581 2.33969253752
20.2977073073 2.33522504029
19.50401314 2.33459792863
19.1802774459 2.30819856402
17.6457092088 2.30819856402
17.6457092088 2.30819856402
17.0256441989 2.3052089609
15.0356676448 2.3052089609
14.1392182596 2.30476965222
14.1392182596 2.30276632461
14.1392182596 2.30273976983
13.33528152 2.30273976983
13.33528152 2.30218134164
12.9482674742 2.30151443651
12.9482674742 2.30083166954
12.835296882 2.30083166954
12.2643807518 2.30074921879
12.2643807518 2.30071169485
12.0511770273 2.30050523743
11.728103147 2.30050523448
11.4541271916 2.30034783708
10.9033871505 2.30034783708
10.9033871505 2.30021074237
10.8314124153 2.30017483909
10.706948138 2.3001748388
10.706948138 2.30013207582
10.706948138 2.30013207582
10.5942611432 2.30013207582
10.5942611432 2.30008016149
10.5942611432 2.30008016149
10.5942611432 2.30005283348
10.4862176686 2.30005283348
