74.9467735406 7.83787023316
73.3909149397 4.7123957819
67.4887976015 4.29122004745
58.8317312721 4.29122004745
55.5273195261 4.02424128274
46.2095625265 3.35954797708
40.9167062818 3.03675841584
40.9167062818 2.79663764683
40.6175025046 2.79663764683
34.578185719 2.77744240404
33.6450133669 2.77744240404
32.7722646224 2.77278840112
32.2174607467 2.61410035457
24.5371558919 2.61410035457
24.5371558919 2.48403986505
21.813252848 2.48403986505
21.813252848 2.41608863698
21.813252848 2.41608863698
20.9908311493 2.37427204422
19.9203771396 2.35497496845
