13.714788907 8.58555874407
13.714788907 8.38122963616
10.7269383612 7.62814486919
9.4773355642 6.65343723067
8.23974870984 5.88188453585
8.23974870984 4.57495922654
7.68073883759 4.57495922654
6.67059164362 4.57495922654
5.93319426802 4.41723908881
5.93319426802 4.23590422533
5.91311367363 3.73705254006
5.69233470264 3.40534413209
5.17897875447 3.09727832657
4.86444260345 3.06711742884
4.86444260345 2.95830207497
4.64151478754 2.66505524291
4.61385789365 2.58526853063
4.48718409682 2.56215134288
4.31762688235 2.42669507531
4.31762688235 2.39907244195
4.31762688235 2.32479128456
4.24083620964 2.24720495156
4.24083620964 2.24668533204
4.23709351373 2.22278113524
4.23209304888 2.21222895452
4.22134015347 2.19359919626
4.22134015347 2.15621444862
4.21690518285 2.15105902825
4.21690518285 2.15105902825
4.21690518285 2.15105902825
4.21690518285 2.14712475397
4.21650070942 2.14655633574
4.21502349233 2.14536719187
4.21492513123 2.14504016654
4.21492258123 2.14497089549
4.21482133635 2.14394725825
4.21482006872 2.1423684046
4.2147418888 2.1422226088
4.21471505632 2.14217487924
4.21470458284 2.14217487924
4.21466822401 2.14217291632
4.2146283037 2.142079085
4.2146283037 2.14182189522
4.21460912503 2.14176013545
4.21460912503 2.1414924953
4.21460120815 2.14128816827
4.21459515522 2.14128816827
4.21457707815 2.14124915051
4.2145770678 2.1412441156
4.2145770678 2.1412345424
