10.0051766398 4.26225503524
10.0051766398 4.06560206529
6.92768526467 4.06560206529
6.27839849756 3.98606439075
5.54492871047 3.64541173621
5.54492871047 3.44579209584
5.20006609678 2.99928178875
4.96509271231 2.99928178875
4.93572309745 2.603102066
4.88802699209 2.46191537971
4.54636072855 2.37863339493
4.52321966454 2.34683219365
4.35811007359 2.2372919098
4.35811007359 2.2372919098
4.31794517935 2.21175091115
4.2692371171 2.20862533389
4.26844717195 2.20862533389
4.25387492515 2.18571193265
4.25045389417 2.18571193265
4.25045389417 2.1702193206
4.23270333945 2.15501635599
4.23241911863 2.15424539665
4.22725057487 2.15424539665
4.22725057487 2.15042096081
4.21853075318 2.15042096081
4.21853075318 2.15042096081
4.21853075318 2.14778716561
4.21853075318 2.14778716561
4.21846283818 2.14778716561
4.21711604661 2.14687967217
4.21711604661 2.14594587787
4.21618334915 2.14594587787
4.21618334915 2.14561116727
4.21575228199 2.14458212926
4.21551045977 2.14396447883
4.21528089766 2.14294932346
4.21528089766 2.14294932346
4.21514725384 2.1421893515
4.21492833532 2.1421893515
4.21492833532 2.14162916947
4.21489253925 2.14162916947
4.21474155839 2.14162916947
4.21474155839 2.14148926456
4.21471922798 2.14144588896
4.21463334411 2.14141158486
4.21463334411 2.1413559561
4.2145930425 2.14134799954
4.2145930425 2.14134799954
4.21459197079 2.14129734757
4.2145901484 2.14120159768
