69.4140387474 4.91976331113
58.1912412031 4.90308694843
58.1912412031 4.61727590715
55.8253241015 3.72262508061
49.9409811577 3.72262508061
49.9409811577 3.25126605279
46.827564995 3.25126605279
46.827564995 2.72966653136
43.0796515533 2.54518275125
38.8959101218 2.54518275125
38.8959101218 2.52473289874
35.0946349319 2.42569708743
35.0946349319 2.41414512839
33.0902159426 2.40962889846
33.0902159426 2.34336273429
25.5402574579 2.33926559056
24.8361227408 2.33823323792
24.2480644556 2.33324084892
21.7311756387 2.33324084892
21.2612434158 2.33324084892
21.2612434158 2.32268686939
21.2612434158 2.32268686939
20.5330266381 2.32268686939
20.5330266381 2.32082709309
19.4332969268 2.3130324964
19.4332969268 2.3130324964
19.4332969268 2.3130324964
19.3680288806 2.31129406769
18.929386985 2.3057223986
18.929386985 2.30537479119
18.1633996214 2.30512825376
17.8980067938 2.30236378437
17.6081820216 2.30236378437
16.3207194442 2.30221204496
16.3207194442 2.30221204496
16.3207194442 2.30109420126
14.9040546799 2.30109420126
14.9040546799 2.30108904282
14.6703477214 2.30105745964
14.6703477214 2.30056573872
14.0656649723 2.30056573872
13.912862599 2.30054338904
13.912862599 2.30033329971
12.5949124615 2.30030338232
12.5949124615 2.30030338232
12.5949124615 2.30030338232
12.5949124615 2.30018066854
12.5949124615 2.30004891787
12.5949124615 2.30004891787
12.5949124615 2.30004796263
12.5949124615 2.30004496871
12.5949124615 2.30004496871
12.4463318722 2.30004496871
12.4037499173 2.30004085006
12.1603636923 2.30003764499
12.1603636923 2.30003556967
11.7965393184 2.30003476275
11.7965393184 2.30003476275
11.7965393184 2.30003296102
11.5889356389 2.3000117071
11.5724396943 2.3000117071
11.5724396943 2.3000117071
11.438180772 2.30001130555
11.3914262475 2.30000823974
11.3465712691 2.30000823974
11.0777749594 2.30000569086
11.0777749594 2.30000569086
11.0777749594 2.30000440376
11.0777749594 2.30000351974
11.0599540372 2.30000114718
10.8756117104 2.30000114718
10.7804103415 2.30000114718
10.7438112346 2.30000114718
10.7438112346 2.30000114718
10.7438112346 2.30000102093
10.6564409201 2.30000102093
10.5545138706 2.30000102093
10.5545138706 2.300000313
10.5545138706 2.300000313
10.5545138706 2.300000313
10.5545138706 2.300000313
10.528864642 2.300000313
10.528864642 2.30000015175
10.5092297734 2.30000015175
10.5060920993 2.30000015175
10.4645372776 2.30000012387
10.4645372776 2.30000012387
10.324920826 2.30000012387
10.324920826 2.30000006915
10.324920826 2.30000006915
10.324920826 2.3000000677
10.303124015 2.3000000677
10.303124015 2.30000006175
10.303124015 2.30000003923
10.303124015 2.30000000647
10.303124015 2.30000000647
10.303124015 2.30000000647
10.2942030542 2.30000000647
10.2942030542 2.30000000647
10.2912872172 2.30000000647
