12.2842295576 9.21917482032
11.8827129759 8.87326113267
11.0733596554 7.97580141819
9.37276534744 6.22025446592
8.40454209708 4.44834336801
7.13156939534 4.44834336801
6.8111419768 3.81838817636
5.87605902551 3.71541397286
5.86700913043 3.38379926197
5.3614322287 2.99313428885
5.032349815 2.99313428885
4.96967251643 2.72432866569
4.86233109041 2.68025788404
4.67982831921 2.50387465152
4.67612078367 2.39028184196
4.61261583223 2.38591088891
4.32421590894 2.38591088891
4.32421590894 2.33620115286
4.26178179504 2.33620115286
4.26167396665 2.29299435988
4.2557848055 2.26749513913
4.2557848055 2.24798018807
4.24358987916 2.23073609923
4.2320990959 2.21420454733
4.2320990959 2.21420454733
4.2320990959 2.20443373328
4.22358158204 2.19928911305
4.22358158204 2.16887312992
4.22358158204 2.16887312992
4.2231677987 2.16694995974
4.21782671829 2.15686885169
4.21782671829 2.15686885169
4.21782671829 2.15568305886
4.21782671829 2.14973420167
4.21782671829 2.14617679321
4.21663791984 2.14617679321
4.21663791984 2.1461318936
4.21588448669 2.14478470584
4.21588448669 2.14383622572
4.21588448669 2.14383622572
4.21588448669 2.14383622572
4.21544701309 2.14345307906
4.2153981605 2.14345307906
4.2151570764 2.14345307906
4.21506159406 2.14262987602
4.21505249807 2.14193334277
4.21486286519 2.14170331984
4.21486286519 2.14163169975
4.21479534701 2.14154868346
4.21474869571 2.14151927356
4.21474869571 2.14145577893
4.21463715523 2.14140523445
4.21463422809 2.14140523445
4.21462550602 2.14140523445
4.21462509314 2.14128726248
4.21462509314 2.14128726248
4.21459281284 2.14128726248
4.21459210314 2.14127342549
4.21458379522 2.14116979738
4.21457474558 2.14116979738
4.21457028652 2.14116784837
4.21457028652 2.14115947665
4.21456690887 2.14115947665
4.2145619128 2.14114197973
4.2145619128 2.14114197973
4.2145619128 2.14113811162
4.21456114507 2.14113026885
4.21456114507 2.14113005743
4.21456114507 2.14112505071
4.21456072165 2.14112505071
4.21456035397 2.14112268666
4.21456034938 2.14112268666
4.21456034938 2.14112141692
4.21456033039 2.14112141692
4.21456015109 2.14112080339
4.21456013243 2.14112064568
4.21456005498 2.14112064568
4.21455999651 2.1411206184
4.21455980429 2.14112029598
4.21455962226 2.14112029598
4.21455962226 2.14112021069
4.21455962226 2.14111970874
4.21455962226 2.14111970874
4.21455962226 2.14111970874
4.21455951475 2.14111950751
4.21455951475 2.14111950751
4.21455951475 2.14111950751
4.21455950866 2.14111950751
4.21455941323 2.14111949066
4.21455941323 2.14111945916
4.21455941323 2.141119291
4.21455941323 2.14111926935
4.21455940743 2.14111926774
4.21455940289 2.14111926774
4.21455940289 2.14111926746
4.21455939894 2.14111923628
4.21455939894 2.14111923628
4.21455939258 2.14111923628
4.21455939258 2.14111923628
4.21455939258 2.14111923554
