15.1056262622 8.52377420006
8.67739400329 5.01483667333
8.67739400329 5.01483667333
6.44579579245 4.17125472365
6.44579579245 4.17125472365
6.08950899784 3.92362241716
5.54961378761 3.41873201117
5.48147859054 3.41873201117
5.16270592715 2.97595179665
4.46972932205 2.60054868704
4.46972932205 2.60054868704
4.46972932205 2.5957165525
4.46960530218 2.50254366482
4.40390302808 2.49187212539
4.38342560793 2.38229907876
4.28706939817 2.31871597149
4.28706939817 2.30865425318
4.28540300852 2.24867118115
4.28540300852 2.24867118115
4.27635083598 2.24460657481
4.25631309871 2.21455328115
4.23965489126 2.17360842454
4.23786732504 2.17360842454
4.23009805463 2.17360842454
4.23009805463 2.17360842454
4.22992511897 2.17203666719
4.22781855712 2.16820445323
4.22487824384 2.15871596163
4.21885979763 2.15773898835
4.21885979763 2.15773898835
4.21791158724 2.15535041241
4.21693339296 2.15142928247
4.21683990766 2.15142928247
4.21607080706 2.14629720303
4.21517916665 2.14431237579
4.21506382623 2.14431237579
4.21506382623 2.14363593778
4.21506382623 2.14285058789
4.2149927405 2.14285058789
4.2149927405 2.14285058789
