65.6150656585 7.68844038783
65.6150656585 5.60587677494
51.4621051194 5.60587677494
51.4621051194 4.82770447669
47.9088136602 4.7845203457
47.9088136602 4.7845203457
44.6874384671 3.1842841127
40.1704032167 2.74911772249
40.1704032167 2.74911772249
39.3783570735 2.72803121212
33.8503461338 2.6013535096
33.8503461338 2.54699606672
31.7628154755 2.38362636129
31.1360668631 2.38362636129
29.1897247148 2.38362636129
28.3923061546 2.35681826171
25.224301098 2.35556538079
25.224301098 2.35556538079
25.224301098 2.35116122904
24.1141628013 2.33800979566
23.640836884 2.33690870438
22.9981957506 2.33638956717
21.9788098594 2.32527909002
21.6056438213 2.30741110387
19.9276753376 2.30497175602
19.0173496718 2.30497175602
18.1871058242 2.30224109182
16.8595730288 2.30217316753
16.599657606 2.3020216063
16.1520353606 2.30200679196
16.1520353606 2.30197372372
15.9311333867 2.30180146214
15.9113780748 2.30143964547
15.7116636239 2.30094161767
14.8982246758 2.30094161767
14.7996078377 2.30091433358
14.6442156431 2.30070096398
13.6614117526 2.30070096398
13.5036975726 2.30047503091
13.5036975726 2.30038002357
13.2919121358 2.30032910173
12.8308771277 2.30032910173
12.8308771277 2.30029178833
12.4852170089 2.30025541964
12.2327341391 2.30023759165
12.0449593559 2.30023759165
11.8303136952 2.30006104121
11.6244382089 2.30006104121
11.4038351896 2.30005491171
11.3201613226 2.30002237382
