57.3397793509 5.91978320772
55.5463814752 5.91978320772
55.5283635306 5.91464213203
55.4504862218 4.97013556033
51.1977577903 4.9513992493
47.633452964 3.61792809464
42.0599728073 3.61792809464
41.9089906348 3.55169003009
36.1317138801 3.55169003009
36.1317138801 3.24957394769
33.7948118021 2.95468773987
33.7948118021 2.95468773987
27.0739988566 2.95468773987
27.0739988566 2.83696082433
27.0739988566 2.59878061717
27.0739988566 2.59878061717
23.3017104506 2.5189549469
22.1478692124 2.50294360241
19.8630537089 2.50294360241
19.276894884 2.34680882798
19.276894884 2.34680882798
19.276894884 2.34680882798
18.3471899539 2.33916321885
17.8163474625 2.33916321885
16.1295408869 2.33916321885
15.8704167358 2.31603687813
15.4170770251 2.31603687813
14.5508015197 2.31603687813
14.3908738065 2.31503834598
14.3419934091 2.31503834598
14.3419934091 2.30349541461
14.2099886743 2.30181574818
14.0063094963 2.30181574818
14.0063094963 2.30181574818
13.5096251067 2.30181574818
13.3395034778 2.30103032646
12.9760778405 2.30094204929
12.7123324468 2.30094204929
12.3551551867 2.30080093721
12.2433853313 2.30080093721
12.2433853313 2.30036407183
11.9535111525 2.30036407183
11.9348627929 2.30036407183
11.9348627929 2.30036407183
11.7941200727 2.30036407183
11.7941200727 2.3002556271
11.7500514993 2.30022506402
11.6983852685 2.30016579641
11.5232912184 2.30015052323
11.5232912184 2.3000380085
