10.8080807202 8.15064946616
9.93378291289 7.7257434686
8.44248446828 6.02329393045
7.19465436332 5.13268220055
5.85219700973 3.3698800145
5.32799532277 2.85758377356
5.14271948609 2.85758377356
5.14271948609 2.85758377356
4.65824229459 2.68292075539
4.65824229459 2.52941152544
4.42402317654 2.52941152544
4.35548846066 2.49468704785
4.33544450926 2.39616447579
4.27237121972 2.33850761038
4.27237121972 2.31046700576
4.2365450211 2.22965439477
4.23650899377 2.22965439477
4.23650899377 2.19323476151
4.23595809161 2.19297139729
4.22589062363 2.19297139729
