11.3666073788 2.3250977952
11.2717517007 2.33882544021
11.3589956793 2.3338486967
11.1332442338 2.33954174719
11.8826233186 2.31735706568
12.4170281859 2.31694720481
11.9258133935 2.32095756763
11.9411436918 2.32493313941
11.2629374714 2.35940804919
11.4064712687 2.3280709953
11.6551663756 2.33170079359
11.3430116655 2.35115292784
11.3459958738 2.34995118184
11.2932901484 2.35375032614
11.7686600583 2.33181805618
11.629498677 2.33611323867
11.3244445571 2.35955020819
11.3300421843 2.35988374591
11.8028445177 2.33411316725
11.3409830242 2.36076699607
11.6146606575 2.33912280754
11.332747307 2.36079061253
11.4029052897 2.34360140276
11.3400680207 2.40174095869
11.7025885076 2.33908095834
12.3858427403 2.33623481941
11.5734603716 2.34165713067
12.3864049865 2.33700429207
12.4402379433 2.33623481941
12.4629855764 2.33623481941
11.3675492085 2.35235795584
11.6104794243 2.34165713067
11.4271168183 2.3487364862
11.3512967647 2.3746730202
11.383953971 2.35262480563
11.6193162049 2.34165713067
11.6653600001 2.34134985661
11.7017160653 2.34105556603
11.5971564319 2.3487364862
11.3685814491 2.35585967711
11.6489128991 2.34165713067
11.7426376893 2.34105556603
11.7764573533 2.34051204425
11.878721661 2.34105556603
11.6982008547 2.34390082759
12.254234286 2.34077644029
11.8900815382 2.34105556603
11.3688460161 2.35988374591
11.4505126886 2.35294980376
11.9199949567 2.34114204987
