14.680909822 2.78908790085
14.6655496438 2.8885441733
14.6756540931 2.86240686959
14.7184283342 2.78752388528
14.9695143937 2.78734531083
14.7378866091 2.78807600183
14.814089499 2.78752388528
14.7180819312 2.78958824599
14.7171058111 2.78967357673
14.6867203041 2.85759351697
14.6881103971 2.79005714142
14.685007837 2.8890961749
14.8029173484 2.78886253699
14.7701818072 2.78902208365
14.8806166991 2.78890964073
14.8877889656 2.78890490343
15.0008626058 2.78894003155
14.696623832 2.8600814228
14.6891601207 2.86235588075
14.8185182454 2.7890606829
14.8882438278 2.7890559456
14.7765926151 2.78911358976
14.6887253127 2.86302942854
14.8810715613 2.7890606829
14.7062161702 2.86204213625
14.7223395077 2.81863790586
14.7045104534 2.88340808518
14.6982471234 2.88357553974
14.8768498115 2.78945013453
14.8137122529 2.78964371023
14.7054802104 2.8834328198
14.7056990005 2.8834328198
15.6162753387 2.78927441201
14.7099833794 2.86643157498
14.7109316237 2.86610372484
14.76271832 2.79129685736
14.7529170119 2.79263048904
14.7070769936 2.88343281275
14.714111711 2.88332613017
14.7158566866 2.8809749568
14.7593278197 2.79272199515
14.7222360544 2.86218686173
14.715510656 2.88354386641
14.7354583536 2.86194611977
14.7257153092 2.86194946621
14.7117315217 2.89210970546
14.7902940293 2.79186214143
14.7170386107 2.88356124034
14.7770301931 2.80733763028
14.7257269642 2.86220399304
