13.4658803783 2.6332896036
14.8660965506 2.61466964179
13.3347971064 3.12519779271
19.1607285179 2.42064203262
16.8918784264 2.58863658534
17.6392382032 2.50439012802
16.5548633409 2.58941864682
18.3913348019 2.4817850875
19.3466413883 2.488603851
19.9788708553 2.49198667579
13.3931286774 3.20001582676
18.158856468 2.59620659178
17.0273453426 2.62162062446
20.2109816545 2.58188907834
20.8012719421 2.5554498548
20.3093392266 2.55586985082
18.3912614214 2.59620659178
13.6106353693 3.02032912019
14.0322142913 3.00672234797
14.3714693796 2.85795141326
17.1000038705 2.63022588044
21.0716252242 2.58863658534
14.429214507 2.90540577073
19.0597174706 2.60411564651
15.4224390815 2.74053122449
15.596102773 2.73413852641
15.7962678181 2.73413852641
13.9483996271 3.11510442446
13.4879486223 3.14079859826
14.4370833447 2.92433324664
14.5073641203 2.90540577073
13.9955760321 3.12342621353
14.6328631531 2.90540577073
14.2965209024 3.07354381011
14.2442045864 3.10972830936
14.0351669581 3.11329894749
13.4719594765 3.3124212841
16.6741199898 2.82994880804
13.5415857039 3.14079859826
14.437797644 3.01163543994
