4.25630775443 2.22748801201
4.25702740618 2.22771412289
4.25928824233 2.22871773949
4.25945520711 2.22881283899
4.25928824768 2.2301257698
4.25967692653 2.22934360407
4.26031897187 2.22935990456
4.29416415419 2.24435139524
4.29497294498 2.24514376939
4.2942931266 2.27371264314
4.29433183227 2.2737328391
4.29492502554 2.27574636342
4.29493399756 2.27552542994
4.29561193248 2.27255086264
4.29630171739 2.24783306945
4.29607963879 2.24791994029
4.29587928245 2.27336225576
4.29516684753 2.27540830757
4.29554174429 2.27541271856
4.29629105043 2.24833137262
4.29616547294 2.24884136047
4.2951335455 2.27709458271
4.29604022154 2.27481525781
4.29555515488 2.27605036307
4.2965668046 2.24833778192
4.29630172269 2.24925246234
4.29630172269 2.24925246234
4.29630172269 2.24925246234
4.29616547294 2.27650183194
4.29620417258 2.27652203962
4.29617614528 2.27744614235
4.29630172269 2.24925247682
4.29630172266 2.27657396026
4.29630172269 2.24925327088
4.29630172555 2.24925328014
4.29630172269 2.2519866142
4.29630172269 2.25198662872
4.29630172269 2.25198662872
4.29725678424 2.24954622052
4.29669208012 2.24998669126
4.30262687726 2.25117043503
4.30561745254 2.2506800315
4.29889080313 2.25119229007
4.29630172552 2.27378147462
4.30381352144 2.25182722134
4.30781838749 2.2513998448
4.3078881115 2.25141909773
4.3078881115 2.25141909773
4.30385053572 2.2518308724
4.30805579713 2.25153294617
