4.21973063972 2.18017333561
4.22115656978 2.15995218355
4.22165857092 2.15946449879
4.21977550716 2.27003282933
4.22011408923 2.19511694423
4.22162149619 2.1801196131
4.22012592285 2.19512300948
4.22029797712 2.19522881711
4.22138466398 2.19259412913
4.22170863699 2.17043269573
4.22171507585 2.16634494569
4.22709352828 2.16212444538
4.22041103543 2.21805308893
4.22094632654 2.26937122365
4.22098286943 2.29137809014
4.23995807824 2.16696459488
4.22166169667 2.18017333561
4.22193723656 2.17558545801
4.22511879705 2.17241778521
4.221687312 2.18017333561
4.221687312 2.18017333561
4.23682411693 2.17175689145
4.22677026046 2.17322043841
4.24663153088 2.17110133032
4.22783220066 2.17242580173
4.2271165936 2.17272164631
4.22464942549 2.17997946838
4.23046022618 2.17432711499
4.23091362865 2.17532724872
4.23170297081 2.175438367
4.22165954162 2.22408655537
4.25052872118 2.17395644998
4.25052872118 2.17395644998
4.25179998715 2.17460128839
4.25179998715 2.17460128839
4.25179998715 2.17460128839
4.22167968972 2.20155793215
4.22804795082 2.17915131295
4.22956076986 2.17600900242
4.22853608502 2.17961689607
4.23362212812 2.17842858347
4.22930402794 2.18000880911
4.22930402794 2.18000880911
4.22905008789 2.18004286986
4.23913929911 2.17714236602
4.25272070111 2.17714121365
4.22179761938 2.18020924423
4.22220363272 2.18041638159
4.2219861475 2.18126871232
4.22364367376 2.18117067714
