15.6288158767 4.69799851238
14.6105059663 4.76061600623
15.1396704811 4.75963845392
16.0540057402 4.66831749585
14.9675083165 5.42014968926
15.065890521 4.77180116974
15.0845760481 4.77171061036
16.896618791 4.68179862135
15.8798079721 4.7364478926
15.8966452875 4.7250184368
15.8023318423 4.74345552039
15.0417634047 5.43225739789
15.0695080412 4.77180116974
16.4186169229 4.7101456431
16.5180958442 4.70152622021
15.0795889427 4.81501338572
16.5889574001 4.70793739609
16.7375411723 4.70307769129
16.4512225645 4.71850715549
15.1353796277 4.81231121277
15.8078611696 4.76817112263
16.7368807922 4.71287995177
15.2172780623 4.78094375301
15.2200408 4.77391714775
16.1598378017 4.74037650281
16.7559356592 4.71287995992
16.564506824 4.7192863997
15.0922362804 5.47680672225
16.5006884883 4.73581108723
16.7386721925 4.71858084592
15.1586518297 4.82299306556
16.0698793945 4.76523998518
15.856650991 4.77878551937
16.5035662484 4.75844025627
16.6419198945 4.74056522577
16.0780668717 4.76841228451
16.5261462593 4.74545543673
16.531133948 4.74415672987
16.5269649131 4.74440213224
15.7049869833 5.49514621026
16.5047075203 4.76028185599
16.6273559952 4.74415672987
16.5467686448 4.75755757474
16.6406533702 4.74518137645
16.628497267 4.74599832959
16.6176489482 4.75873708505
17.9677635836 4.74590088142
16.7921857318 4.74749641242
16.7924509668 4.74749641242
16.7401273696 4.75900090568
