4.21754169165 2.16846303257
4.21603537887 2.18563128537
4.22252933672 2.16779393972
4.23858733906 2.15284857978
4.2166107142 2.25761396036
4.22115978539 2.17063219812
4.21915202927 2.17817343656
4.22036214189 2.17105299416
4.21664735235 2.25763328154
4.23693545193 2.17030221897
4.22044618698 2.17325178334
4.21960827289 2.18198992392
4.21746271259 2.28566078912
4.21738613816 2.28951083047
4.2172130553 2.28982510733
4.23858733906 2.17040126859
4.24882772836 2.17058040015
4.21775360651 2.25502770778
4.21804407462 2.18710384272
4.21778650677 2.24616693995
4.21786704805 2.19123111728
4.23172166856 2.17111499218
4.22433655546 2.17137641899
4.22048864579 2.18130417512
4.21738613816 2.2905068929
4.21742866252 2.29049469943
4.21812788294 2.18763713828
4.21798905947 2.2448451819
4.21798905947 2.2448451819
4.22667469158 2.17677045392
4.21746534351 2.29051431676
4.21763424818 2.28512960215
4.23097707379 2.178022289
4.21810335761 2.2405356158
4.25032256301 2.172269041
4.25162629756 2.17274413727
4.21788329158 2.25723486457
4.21925357466 2.19084719194
4.21913298865 2.20547955605
4.21849868342 2.2398631856
