10.2087898048 2.30090257451
10.2101674564 2.30057807361
10.2140788501 2.30038389336
10.2072721625 2.30161841999
10.2077573244 2.30163422946
10.2171093987 2.3004101906
10.2078040536 2.30218896937
10.2195375319 2.30054023765
10.226250633 2.30048769726
10.3186028594 2.3004111695
10.2101022389 2.30090257451
10.2088250404 2.30121842074
10.2096323016 2.30097386542
10.209245792 2.30103503793
10.2124754502 2.3007600099
10.212928798 2.30061838792
10.2108738572 2.30081489085
10.215488169 2.30057807361
10.2100529387 2.3010145363
10.2111692023 2.30082042003
10.2149399354 2.3007069982
10.2147707399 2.30072861616
10.2172685122 2.30057807361
10.2172628682 2.30061731796
10.209562006 2.30133700846
10.211660356 2.30088896731
10.2097958137 2.30105689979
10.2142917971 2.30080432685
10.2204187553 2.30059593177
10.2095875426 2.30133700846
10.2105818813 2.30090257451
10.2146904381 2.30080868835
10.212867065 2.30087551449
10.209958514 2.30107583213
10.2092764665 2.30222407275
10.219360038 2.30070781445
10.2249099384 2.30063635528
10.2251927883 2.30068490888
10.2355059223 2.30068027025
10.2150690582 2.30080868835
13.4039390058 2.30069889495
10.2230469349 2.30072184746
10.2099886742 2.30127654995
10.210912051 2.30095718888
10.2099872207 2.30142521292
10.2251283892 2.30077715306
10.2098933713 2.30170917798
10.2284103328 2.30077161221
10.215048025 2.30084548089
10.2099370147 2.30187020786
10.2101832973 2.30105689979
10.2149515686 2.3008777582
10.2099504679 2.30212513459
10.2160918525 2.30083440269
10.2104725794 2.30105689979
10.2128727133 2.30090626475
10.2101907755 2.30108729489
10.2175100261 2.3008348118
10.2114876338 2.30103495687
10.2102770086 2.30114914397
10.2103282469 2.3011113774
10.2132091028 2.30094022951
10.2129808385 2.30094032714
10.2106881659 2.30105689979
10.210639055 2.30106597302
10.2121644673 2.30102663727
10.2212334745 2.3008438165
10.210031686 2.30284401346
10.2106064212 2.30107583213
10.2145963973 2.30092447531
10.2114942041 2.30105141858
10.2114942041 2.30105141858
10.2114942041 2.30105141858
10.2103403694 2.30127259534
10.2101475998 2.30211704263
10.2148123025 2.30092270591
10.2223620793 2.30089601338
10.2147261228 2.30094358683
10.2102356464 2.30144047274
10.2133927773 2.3010104073
10.2101257985 2.30272633418
10.2101257985 2.30272633418
10.2101311505 2.30260881845
10.2101257985 2.30272633418
10.2101644933 2.30261870718
10.2462724422 2.30089315416
10.2479935047 2.30089315416
10.2517476509 2.30089315416
10.2136991836 2.30102837018
10.2191506532 2.3009077887
10.2181419832 2.30091704961
10.2107543074 2.30127358518
10.2167641618 2.30094406365
10.2114516122 2.30110392999
10.2118512068 2.30107400998
10.2102614081 2.30263802294
10.2114137987 2.30116067011
10.2143398073 2.30104634149
10.2306921934 2.30091704961
10.2165719082 2.30098710084
