31.9919130775 5.6162040665
34.3892067263 5.12768386197
30.0564505041 6.31752426498
32.9168832629 5.39907463905
30.1930939936 6.04800750137
38.4649399888 4.1804678876
30.1269298114 6.74917547415
31.3705419254 6.30785197871
31.2149071103 6.54072460761
46.1032118018 5.10682850746
50.8072553505 4.94937867127
32.158609347 6.0383354496
32.7595923922 5.74263301873
32.1602089815 5.88143480557
32.4219309666 5.96682755018
38.4693906317 5.27967464511
45.9971872102 5.23445196442
45.9971872102 5.23445196442
45.9971872102 5.23445196442
51.3926527554 5.22241623807
