4.21455945781 2.14112360507
4.21455941048 2.14113092396
4.21455940072 2.14125815434
4.21455940479 2.14114996058
4.2145594094 2.14114860311
4.21455940373 2.14115783064
4.21455939929 2.14183835999
4.21455943883 2.14113086464
4.21455942754 2.14113086583
4.21455940359 2.14116383561
4.21455946107 2.14112456195
4.21455948649 2.1411245747
4.21455940868 2.1411573017
4.214559487 2.14113030149
4.2145594113 2.14113878851
4.21455942254 2.1411376639
4.21455940382 2.14131547313
4.21455943008 2.14113689531
4.21455943111 2.14113133155
4.21455940732 2.14116383616
4.21455940718 2.14120022481
4.21455941651 2.14113962579
4.21455941425 2.14114098761
4.21455941518 2.14114020219
4.21455942787 2.14113766654
4.21455940667 2.1412902008
4.21455940728 2.14122389582
4.21455940718 2.14124778424
4.21455940487 2.14183413069
4.21455944317 2.14113632749
4.21455940718 2.14175299335
4.2145594449 2.1411363284
4.2145594449 2.1411363284
4.2145594449 2.1411363284
4.21455940897 2.14116383636
4.21455948513 2.14113344677
4.2145594093 2.14116390243
4.21455941294 2.14115648991
4.21455941403 2.14115210844
4.21455948882 2.14113300759
4.21455941097 2.14115924353
4.21455949758 2.14113345076
4.21455949758 2.14113345076
4.21455949758 2.14113345076
4.21455940779 2.14136668976
4.21455940776 2.14173808537
4.21455941261 2.14115776641
4.21455941997 2.14114423552
4.21455944817 2.14113731327
4.21455988057 2.14113555678
4.21455994952 2.14113577182
4.21455942225 2.14114548344
4.21455946923 2.14113634663
4.21455940989 2.14118402912
4.21455942282 2.14114236258
4.21455941673 2.14114942914
4.21455941003 2.14119841483
4.214559436 2.14114011472
4.21455941588 2.14115048708
4.21455948634 2.14113638537
4.21455942734 2.14114289471
4.21455941271 2.14115963147
4.21455942403 2.14114681064
4.21455941056 2.14117421639
4.21455941651 2.14115144404
4.21455953217 2.14113647701
4.21455940962 2.14133299147
4.2145594136 2.14116096521
4.21455949237 2.14113733855
4.21455940962 2.14140198233
4.21455941815 2.14115153731
4.21455943631 2.14114233905
4.21455941135 2.14116383949
4.21456029838 2.14113706382
4.2145594182 2.14115203583
4.21455950165 2.14113733856
4.2145594267 2.14114960098
4.21455942248 2.14115048959
4.21455941705 2.14115544732
4.21455962068 2.14113734823
4.2145600486 2.14113754587
4.21455941017 2.14237401501
4.21455942282 2.14115041307
4.21455941804 2.14115649373
4.21455941838 2.14115580244
4.21455942272 2.14115068831
4.21455943519 2.14114622954
4.21455943203 2.14114644149
4.21455942219 2.14115458655
4.2145594272 2.14115040923
4.2145594391 2.1411435109
4.21455948813 2.14113922057
4.21455943841 2.14114583687
4.21456017399 2.14113847275
4.2145602709 2.14113859767
4.21456028681 2.14113857914
4.21455941312 2.14116384287
4.21455943604 2.1411485722
4.2145594391 2.14114467
4.21455942504 2.14115067728
