4.41166930416 2.60268685081
4.38258038392 3.36693846547
4.40781815205 3.06989416069
4.40988314972 3.09328002097
4.40781815205 4.20947782219
4.45108434248 2.79425116671
4.49290101752 2.6344704024
4.45865544152 2.91427786747
4.4597459346 2.90181630437
4.46129372763 2.83707536781
4.50365327791 2.63767094911
4.44736794484 3.09474343265
4.42513637171 3.38981872511
4.42182342071 4.59155085337
4.45865544152 3.01662223293
4.52311857951 2.70851179787
4.55568644501 2.66776032665
4.59115973682 2.68925484336
4.68278452235 2.67156644694
4.64456640559 2.69631343599
