5.73295107794 3.63690288988
5.72944574909 3.75651963163
5.7327918798 3.64167479134
5.73058612768 3.67387472121
5.73297821146 3.63209271011
5.72957154138 3.75549893637
5.73065971795 3.67305981487
5.73084147532 3.67081029123
5.73128406706 3.65556952056
5.73705552705 3.56397517772
5.73128299856 3.67068635387
5.7295633186 3.7571983593
5.72957154059 3.75719835115
5.73065552273 3.67388310274
5.73059175661 3.67388310844
5.73047784827 3.75698156552
5.73120902491 3.67171305463
5.72972603952 3.75719934702
5.73306255714 3.63553858082
5.73285499023 3.65311817982
5.73294655016 3.64167575966
5.73059218112 3.67388362614
5.73122967721 3.67231368019
5.73128862889 3.67069472659
5.7306063984 3.67468924431
5.73301624852 3.63697702784
5.73722035242 3.63675907558
5.73216483475 3.67224648742
5.73342640112 3.63713676833
5.73309918203 3.63840103684
5.73347691862 3.63733950216
5.73988572725 3.63784343282
5.76230196432 3.63741580869
5.73701027224 3.64063786351
5.76224652951 3.64017947742
5.73331695884 3.64826100857
5.73331695963 3.64666071012
5.73295536927 3.67137291894
5.73992230693 3.64070612151
5.7334758008 3.64511147329
5.73216340681 3.74715479709
5.73347691862 3.64420282954
5.73441114579 3.64221280686
5.7334780196 3.64420351233
5.73697295203 3.64383433049
5.73351644741 3.64423930951
5.73360777802 3.64428398315
5.73301388182 3.67165825345
5.73363155501 3.64431069471
5.7322477384 3.75082136197
